Timestamp,Data
0,1.51102
2,1.85501
3,2.04585
4,1.54334
5,1.13408
6,1.21371
7,1.49343
8,0.50903
9,1.4627
10,0.50549
11,0.49232
12,1.97029
13,0.53134
14,0.6808
15,0.54621
16,4.84326
17,0.46172
18,1.34896
19,0.978
20,0.29559
21,1.0489
22,2.43838
23,1.96063
24,3.91423
25,2.1258
26,0.68328
27,1.55854
28,1.86202
29,2.32559
30,0.2969
31,1.5561
32,1.53392
33,1.38438
34,0.65459
35,0.29601
36,0.80969
37,0.83657
38,1.19716
39,1.17819
40,0.59497
41,2.32388
42,1.41772
43,1.6052
44,1.13422
45,0.82383
46,1.29689
47,2.15254
48,0.86418
49,1.40912
50,1.85948
51,2.9641
52,0.13703
53,0.94835
54,1.63054
55,1.17398
56,2.97131
57,0.43231
58,1.40229
59,1.19765
60,1.19057
61,1.07838
62,0.23973
63,1.14141
64,2.29436
65,0.96431
66,0.46325
67,2.23588
68,1.02677
69,0.70959
70,0.19178
71,0.8777
72,0.77622
73,1.69018
74,2.12858
75,1.00858
76,1.39842
77,1.15333
78,0.88795
79,1.86255
80,0.46711
81,0.95828
